1000 6995.0 10003.8 0.4
1000 7691.6 9099.0 0.4
1000 7625.4 9222.0 1.2

5000 38074.0 63887.8 0.8
5000 50273.8 53345.2 0.6
5000 48469.6 56473.6 2.2

10000 81258.4 140798.4 1.2
10000 108724.0 114050.4 1.2
10000 95683.0 124321.8 6.0

50000 395125.4 871741.0 5.2
50000 643986.0 651029.2 7.2
50000 525738.2 770038.0 38.6

100000 882582.4 1883339.4 11.2
100000 1398123.4 1369560.6 14.6
100000 1066044.4 1682633.4 77.8

500000 3958312.2 1.11820966E7 74.2
500000 8033025.6 7647379.0 101.8
500000 5586522.8 1.00203148E7 574.6

