1000 7942.4 9071.4 0.4
1000 7942.4 8072.4 0.8
1000 6548.4 5324.6 0.4

5000 50000.6 53540.2 0.6
5000 50000.6 48541.2 0.6
5000 43038.2 34641.4 0.2

10000 107531.8 114041.4 1.4
10000 107531.8 104042.4 1.8
10000 93643.6 76427.2 1.2

50000 669602.6 649131.4 7.0
50000 669602.6 599132.4 8.2
50000 600074.8 460781.4 5.4

100000 1396465.0 1370709.6 14.8
100000 1396465.0 1270710.6 17.0
100000 1257295.0 993994.4 10.8

500000 8123920.8 7640221.6 88.6
500000 8123920.8 7140222.6 130.8
500000 7428191.6 5757065.4 72.8

