1000 6304.4 2.0153021E7 26.2
1000 0.0 749157.6 0.6
1000 10144.0 14158.8 4.0
1000 28016.6 19952.0 2.6
1000 8848.0 25219.0 2.0

5000 43005.4 -7.497175068E8 1322.0
5000 0.0 1.89183468E7 18.0
5000 62654.2 89283.6 10.2
5000 176134.6 123616.0 56.8
5000 68304.0 173556.0 3.4

10000 96751.0 -6.42186882E8 7560.4
10000 0.0 7.46061966E7 68.2
10000 135667.0 193317.6 16.0
10000 382218.2 267232.0 125.8
10000 163789.8 389518.8 1.8

50000 587195.0 -5.526954454E8 1190067.4
50000 0.0 1.871520246E9 1789.8
50000 794483.4 1141800.0 97.0
50000 2259765.4 1568928.0 2892.6
50000 1210242.4 2577399.4 11.4

